11240
12415
13449
13739
14660
14938
16024
17190
18223
18540
19465
19744
20245
21434
23067
23331
24962
25739
26002
27209
27472
29027
29303
30347
31537
33146
33500
33757
34110
35131
36290
37342
37681
39349
40564
41609
41870
42968
44928
45169
45932
47496
47772
48089
48348
51217
51513
51823
51951
52301
52544
52855
55978
56297
56612
56725
57075
57334
57650
57965
58948
59830
62187
62841
64245
65741
65871
66224
66332
66648
67502
69376
70466
70614
70897
71044
71787
73201
73350
74132
75601
75731
76474
87204
87558
87831
88495
90747
91025
92505
93699
94364
94679
94952
95266
95578
95859
96186
96479
97610
99179
99495
99809
99938
102072
102391
102543
102857
103594
105129
105407
105721
106020
108384
108687
108799
108966
109114
109428
109537
109851
110440
113656
113957
114230
114379
118327
118607
118920
119216
120676
120952
121228
121544
124204
124486
124751
125107
127950
128231
128548
128808
129087
129366
129681
129964
131473
131763
132038
132394
132673
132935
133304
133641
135362
135929
136842
138670
138983
141341
143477
143772
144044
144355
145018
145603
146227
146499
148313
148642
148905
150392
150979
151273
153062
153386
153699
153976
154278
154573
154877
155189
158786
159696
160010
161667
161981
162223
162372
162683
164188
165404
166477
166750
167068
167179
168111
170150
171253
171513
171796
171985
173505
173782
174116
174448
175072
175531
178357
178636
178989
179287
179873
180300
183252
183402
183684
183833
184109
185617
185745
186083
186216
189373
189823
191361
193156
196950
197265
198282
198631
