10654
11800
12877
13136
14035
14349
15405
16595
17650
17948
18838
19167
20895
22048
22478
22792
23628
23941
24216
24516
25270
26427
27788
28100
28397
28711
29769
30921
31998
32279
32593
32907
34558
35715
36753
37068
37998
38314
38627
38943
39974
40860
42184
42299
42651
43278
44463
45466
46438
46713
47012
47141
49585
50199
50473
53742
54358
54941
55250
58595
59243
60440
60872
61020
61283
61438
61765
62543
63268
63435
63735
63898
64675
65135
67077
68080
68248
68564
68711
68986
69875
71355
72226
72776
72922
73707
74595
75186
75341
76087
76938
82173
82472
82752
83066
83326
83629
83902
84212
89074
89554
89817
90133
90451
91337
91615
91913
92964
93276
94346
94679
94952
95266
95578
95859
96186
96479
97143
98159
98438
100268
100560
100874
101489
101789
103171
104071
104370
104670
104796
106596
106943
107224
107798
108072
110164
111675
111947
112593
112871
114692
114972
115282
115585
115860
116175
116472
116825
124204
124486
124751
125107
127950
128231
128548
128808
129087
129366
129681
129964
130302
130572
130891
131188
131473
131763
132038
132359
132673
132935
134031
134344
134630
134898
135658
136558
137579
137890
138205
138352
139281
140177
140780
141650
142416
142728
143005
143157
147272
147584
147848
148014
148642
150392
152054
152358
152599
152750
156651
156961
157241
157571
158022
158318
160587
160899
163003
163276
163576
164777
165706
167498
167809
169614
170469
172291
172567
172879
173191
176257
176565
176846
177418
177897
181102
181380
181693
182004
182432
182821
184550
185035
186519
186982
187408
188044
188195
188469
188621
188936
190432
190542
190857
191004
191820
192244
193156
196839
197338
198170
198706
