10966
12101
13299
13613
14532
14808
15716
16910
18114
18412
19354
19616
19927
21060
21322
22363
22626
24105
24402
26164
27677
27935
28877
29176
30495
30808
31884
32165
32443
32744
34280
35276
35552
36639
36903
37887
38186
39094
40122
40438
41174
41477
41758
42837
43114
44781
45355
46285
46584
47662
47922
48237
49769
50049
50363
53168
53462
54045
54510
54771
55088
57221
57537
57816
59551
60743
61169
61636
63159
63622
64044
64823
65280
67241
68416
68840
70765
71191
71908
73070
74301
75453
76233
77401
77704
78004
78327
78590
78899
79177
79477
79786
80086
80402
80717
80976
81288
81602
81899
88072
88350
89404
89704
91489
91761
92799
94012
94346
94661
94989
95266
95578
95894
96186
96516
97404
98289
100398
100710
101526
101748
103003
103299
105242
105590
105870
107338
107649
110015
110312
111046
112132
112410
114859
115171
115469
119491
119791
120108
120365
123081
123359
123617
123930
125458
125771
126072
126381
126692
127045
127344
127618
127931
128213
128530
128844
129125
129403
129720
130001
130283
130610
130872
131153
132673
132972
133605
135048
136711
138819
139133
141484
143623
143934
144208
145287
145436
145789
146064
147418
147733
147922
148167
149530
149841
150094
150851
151126
151591
153214
153532
153810
155494
155766
156080
156391
159120
159402
161175
161516
161834
162130
162372
162573
163889
164966
165239
166008
166326
166640
166901
167143
167345
168775
169036
169300
170319
172418
172770
173083
175962
177143
177551
178046
180802
182319
182712
184739
185169
186666
187131
187558
187913
188358
188789
190303
190691
191191
192412
193156
196568
197560
197931
198913
