10343
11408
11669
12714
12989
13925
14237
15128
16173
16448
17483
17798
18726
19038
20593
21785
22939
23219
23496
23828
24681
25591
26787
27084
27356
28246
28565
29451
30072
31235
33055
33331
33647
33960
34871
36048
37176
37531
38463
38814
39663
40712
42055
42261
42538
43893
44151
45632
46862
47102
47345
48668
48967
49283
50788
51086
51401
51676
51912
52134
52412
52710
55545
55830
56182
56446
56688
56909
58276
60125
61928
64357
65595
66018
66481
66761
67650
67967
69114
69579
70005
70392
71467
72372
72649
73555
73871
74761
75016
75919
76624
77052
84525
84822
85099
85394
85671
86016
86334
86625
86945
88812
89985
90282
90600
90910
91190
92228
93384
94346
94661
94989
95266
95578
95894
96186
96516
96831
97703
98012
98746
99047
99347
99642
99883
100082
102108
102391
102580
102857
103905
104222
104501
104741
104981
106337
107960
109260
109500
109739
111046
111361
112743
113184
113525
113843
114121
114342
114579
117142
117435
117753
118056
121842
122157
122472
122782
125422
125771
126072
126381
126692
127045
127363
127636
127950
128213
128530
128862
129125
129403
129720
130001
130302
130610
130891
131153
131473
131798
132113
132394
133286
133605
133886
134193
134460
134790
136099
136410
137154
137466
137761
138040
138280
138502
139861
140471
140913
141177
141946
142266
142564
142837
143117
143309
144704
146390
146803
147122
148476
148753
150540
150851
151591
151893
152205
152488
152712
152950
157868
158170
158466
160138
160397
160717
162838
163151
163426
164502
165554
167643
167964
169764
170039
170781
171086
171400
171664
171909
172137
174796
175182
175644
179596
180041
180489
183100
183553
183996
184258
185505
185934
186408
189099
189524
189967
191507
191966
193156
196730
197464
198060
198839
