2318
3086
4550
7478
7874
8882
10525
11762
13141
13897
14677
15193
16250
17774
19382
19766
21146
22394
24302
24770
25946
26954
27361
28418
28777
30097
30493
31778
32749
33409
34345
35594
36014
36914
37658
38294
39266
40358
41366
41642
42110
42470
44018
46921
48578
49394
51025
52238
54110
55166
55983
56378
57194
58226
58778
59138
59690
60866
61526
62474
64165
64705
65367
66626
67058
67526
68030
68702
69146
69926
70370
70610
70838
72014
73034
75026
75494
76466
77834
78158
78542
79525
80353
80677
81782
82285
83115
83486
85563
85958
86354
86738
87170
