1645
2894
4358
7046
7442
8654
10321
11965
13021
13213
14090
14953
16129
17463
19574
20990
24038
25046
26139
26690
27565
29125
30289
31573
32437
33565
34033
35198
35822
37070
38078
38990
40166
41138
41522
41882
42626
43670
46105
48962
50642
52670
54770
54974
56378
56774
57002
57626
58226
58586
59258
59690
59894
60638
61899
62630
63302
63769
64597
65378
65809
66434
67250
67562
68066
68510
68859
69146
69938
70166
70562
70838
72014
72794
74042
74642
75879
76634
76982
77834
78542
79322
79730
80677
81578
82297
83078
83486
85563
85958
87170
