11430
16304
20505
22905
28380
29505
35504
40305
42705
44505
46905
49905
50205
51705
54705
55005
55305
59505
60105
61305
63105
64305
64905
65430
67905
69105
69705
70230
73905
74580
76305
79905
89505
96705
102705
105105
105780
108705
110505
113506
115906
117106
123105
124305
125505
126705
130306
132706
133906
134506
136306
138705
139005
141105
142305
142605
144706
147106
150706
151006
151306
155580
155805
156705
158505
159705
161506
163906
165106
167506
167806
168106
170506
172306
172605
172905
173205
177106
177706
178906
181906
182581
183706
184306
184981
185506
188506
191506
193156
