10230
15029
19904
22305
27105
31905
34304
39105
41505
45705
48105
48705
53505
56505
58305
59505
60105
64305
64905
69105
69705
71505
72180
72705
75105
77505
87105
99105
101506
103905
106380
109905
111105
114706
115306
118306
119506
120705
121905
127831
129106
130306
132706
133906
134506
135106
137505
137805
139905
143505
143805
145981
146206
149506
152506
154306
156705
157905
160606
162706
163006
163306
163906
166306
169306
171706
174105
175906
177106
177706
180706
181906
182581
186707
187381
187906
190305
191506
193156
