12705
17504
21105
23505
28905
30705
36705
39705
42105
45105
47505
49305
50504
52305
52605
52905
54105
58980
60705
61906
62580
63705
66031
66706
67306
68505
70905
73905
74580
76980
82231
91905
97905
103305
105405
106080
107505
110205
115006
115681
116506
117706
121305
122505
126105
127305
131506
133306
133906
134506
135706
139305
140505
144105
147706
150106
153106
153406
153706
154905
157305
158205
159105
160306
160906
164506
165706
166906
168706
169906
171106
173505
174705
175381
176506
179506
180106
181306
183106
184306
184981
186106
189106
192106
193156
