7246
10196
10463
12448
15281
16731
16976
17604
17955
18414
19559
19837
20973
22005
22741
23000
23229
23506
23771
23998
24509
25471
25977
27006
28492
29488
29973
30235
31243
31768
31997
32507
32962
34002
35993
37496
37966
38991
39588
40076
40969
41981
43388
43634
43861
44736
45713
47595
47740
47969
49470
49978
50951
51216
51979
54490
55348
55609
55837
56066
56422
57466
58725
58990
60469
62334
62599
63327
63836
67316
67558
67819
68186
68445
70259
71256
71499
71726
71968
72322
72568
73336
73579
74482
75447
78347
78844
82224
85218
86212
88220
91246
93228
94677
96253
98236
100778
101773
102262
106266
106494
106758
107004
107246
107505
107737
107996
108221
109248
109736
112957
113989
114987
115471
115959
116956
117963
118982
120891
121117
121836
122079
122849
123080
123325
123551
123816
124977
127220
127502
127731
127991
135734
135961
137237
137516
137741
138007
139507
140225
142223
146235
146476
150209
150454
152000
162554
163041
163579
164099
166265
170252
173223
174255
174500
175130
175358
175495
176260
177254
179394
179638
179882
180142
180509
181520
182362
182610
184501
184989
185517
186029
186382
186606
187375
187866
190263
190524
190766
191027
192527
193032
193524
193994
194481
195004
195389
195634
195877
196119
196469
197462
198499
199496
199724
199984
202772
203276
203542
203804
204028
204411
204882
205409
205878
206645
206908
208392
208887
209392
209884
211340
211829
214542
215011
216517
218528
222504
227364
227662
228013
229518
230040
230513
231005
231545
232041
234017
234380
234659
234940
235274
235536
235784
236013
242551
243040
243544
244051
246533
246999
247506
247994
251386
251643
251908
252098
260801
261147
261413
261775
262261
262751
263150
263418
263788
264259
264520
265289
265532
266263
267242
267782
277027
278021
280246
282781
283361
283623
283884
292547
293018
293525
294010
296237
296495
296743
297009
301180
303239
306225
306471
308061
310277
