10738
11714
14236
14496
16731
16976
18165
19210
20482
21467
22741
23000
23229
23471
23736
23998
25000
26501
27498
28005
28977
29488
29973
30235
31225
31751
31997
33491
35243
35506
36486
36989
38487
39358
39816
40461
41454
44259
45207
47861
48228
48505
48735
48996
49470
49978
51473
52469
52747
52996
53480
53740
53984
54981
55348
55592
55837
56049
56965
57959
59338
59599
59841
60068
62842
63103
64115
64461
64725
64993
65344
65605
65829
69212
69475
70259
71256
71499
71726
71968
72847
73089
73837
74080
74976
75957
77229
77508
77771
77981
78613
79071
83220
85218
87224
89233
91228
93717
94205
96219
98252
100778
101754
102245
106266
106494
106758
107004
107246
107505
107737
107978
108723
111726
111972
112466
113464
114483
116467
117475
118474
119495
119979
120366
120597
121366
121609
122324
122588
124475
125451
125970
128503
129023
129500
129993
130480
130964
131456
131962
132469
132974
133482
133939
134465
134972
135491
138723
138985
139961
140225
142223
146235
146476
150209
150454
152000
154475
154977
155520
156023
160525
161065
161556
162026
162554
163041
163579
164099
168276
173487
173623
173890
174729
174851
175739
176734
176854
177675
177906
179394
179638
179882
180142
181017
182014
182872
183136
183382
183628
183890
186886
187133
187621
188131
191289
191517
191793
192053
192509
193051
193524
193994
194481
195004
195389
195634
195877
196119
196992
197990
199006
200493
201013
201525
202027
202772
203276
203542
203804
204028
204620
205146
205652
206280
207271
207674
207901
208620
209148
209636
210236
210620
210866
211586
213267
213528
213774
214039
215376
215620
215882
217005
217530
218024
219399
219790
220572
221030
221540
222027
222994
223481
223984
224489
224982
225492
225994
226488
226996
228517
229011
232514
233041
233542
234380
234659
234940
235274
235536
235784
236013
236517
237022
237509
238018
243544
244051
244521
245011
245515
246026
248461
248955
249512
250016
250526
251016
253003
254031
255012
256044
257037
258028
259039
260066
260801
261147
261395
261775
262261
262751
263150
263418
263788
264748
265027
265757
265988
266263
267242
267782
268499
269020
269526
270036
281258
282781
283361
283623
283884
284520
285014
285488
286012
294521
295011
295377
295606
295852
297256
297501
297745
298007
302228
302506
304252
304477
305262
307223
308061
310277
