7246
9221
12679
14726
16208
16470
17238
17484
17815
18534
18759
18966
20221
21236
22231
22493
23229
23506
23736
23998
24771
26241
27252
27375
27620
27898
28735
28859
29243
29628
29855
30217
30464
30755
30999
31225
31492
32246
33228
34246
34488
34716
34997
36257
38226
39253
39727
40217
41228
42224
42487
42734
42993
44489
45451
46215
46478
47318
47475
49241
49626
49870
50477
50723
51734
53237
54720
55211
55508
55698
55943
56156
57206
58204
58462
60209
60971
61462
61983
63589
65221
65464
65707
65972
68669
68946
70761
71256
71499
71726
71968
72726
72971
73731
73957
74746
75604
75848
78240
78701
79229
79473
79717
79944
81242
84240
86212
89233
90245
92704
95211
96253
98252
100239
101229
102262
104241
104470
104714
104957
105199
105495
105773
106001
108240
109248
109736
112730
113728
114745
116223
117233
118261
119229
119614
119859
120751
120996
121728
121973
122708
122958
124230
125207
126236
131592
131825
135614
135823
138236
138460
139751
140241
142223
144235
144499
148233
148446
152000
159254
159501
159758
160024
166265
170252
172755
172980
174361
174603
175252
176016
176977
178007
179304
179549
179793
180021
180755
180878
181646
181872
182733
183028
183257
183523
183751
184028
186765
187008
187496
188023
189254
189548
189792
190022
192265
193298
194235
194776
195266
195510
195756
195981
196242
197222
198234
199252
199373
199601
199881
200735
200859
201277
201665
201907
202273
203276
203542
203769
204046
204515
205007
205550
206019
206541
207012
207535
208517
209023
209518
209990
210496
210973
211446
211950
214300
214786
216288
217655
217900
218792
222270
224228
227245
228256
233268
234276
234538
234782
235028
235274
235536
235784
236013
240571
241039
241524
242048
243301
243685
243910
248236
251266
251507
251750
251993
260534
261028
261514
261998
262522
262995
263521
264050
264275
264520
265254
265497
266263
267260
267782
276505
277533
280246
282252
283271
283520
283763
284008
292774
293280
293645
293891
299262
299528
300364
300763
302732
304740
308061
310277
