8229
12167
13678
15735
16243
16470
17238
18061
18271
19420
19961
20747
20849
21587
21862
22231
22493
23229
23506
23736
23998
24259
25244
25609
25874
26743
28250
29243
29628
29855
30217
30481
30755
30999
31225
31492
32246
33756
35716
37250
38731
38853
39464
39954
40686
40829
41596
41841
43234
43495
43980
44978
45972
46722
47002
47232
49241
49626
49870
50217
52243
54246
55211
55508
55698
55943
56173
56697
57693
59215
59459
59701
59945
60695
61237
61621
61863
62212
62441
62703
62963
63226
63469
63728
63990
64220
66232
66460
66704
66965
67209
67453
67680
67922
69734
69978
70761
71256
71499
71726
71968
72218
72480
73211
73474
74204
75205
76218
76479
76722
76984
78453
78930
80192
84240
87207
88220
90245
92226
95700
96253
98252
100239
101264
102280
104241
104470
104714
104939
105199
105477
105738
106001
108723
111242
111466
112219
113199
114235
115249
115594
115853
116731
117701
118737
120246
120492
121225
121486
122220
122464
123220
123446
123708
123954
124734
125586
125850
128258
129253
130237
131213
132193
133221
134201
135247
136242
136486
136744
136972
139229
140241
142223
144235
144499
148233
148427
152000
152488
152998
153485
153996
156497
157024
157533
158023
159254
159501
159758
160024
168276
172265
172509
173991
175008
175583
176524
177537
178292
178536
178796
179042
179304
179549
179793
180038
180283
181278
182239
182504
184259
184744
184869
185255
185374
185659
185920
186258
186522
187253
187762
188256
188519
188761
189005
192284
193298
194235
194776
195266
195510
195756
195981
196226
196730
196853
197604
197867
198727
198884
200250
202273
203276
203542
203769
204028
204271
204761
205283
205774
208024
208269
208762
209254
209743
211220
211723
212214
212474
212742
213004
215254
215498
215711
215955
217267
219262
219664
220048
226222
227765
229272
230285
231245
232272
232795
232916
233632
233911
234276
234538
234782
235028
235274
235536
235784
236013
238527
239015
239524
240024
243301
243685
243910
246288
250261
250753
252501
253509
254508
255522
256515
257541
258514
259546
260534
261028
261497
261998
262505
262995
263521
264050
264783
265027
265757
266263
267260
267782
272516
273024
273514
274001
281258
282252
283271
283520
283763
284008
288488
288996
289523
290014
294258
294765
295258
295485
295746
295971
298498
298759
299019
299770
300033
300275
300483
301703
303726
305731
306712
308061
310277
