10956
12165
13296
13599
14504
14805
16238
16541
17524
17824
20240
20845
21375
22961
23264
24167
24468
25751
26053
27716
28017
28925
29302
30734
32540
32843
33822
34124
34426
35563
36771
37978
39110
40163
40465
41222
43942
44242
45302
46282
47491
47794
48171
48397
49604
50510
51721
52929
54136
55191
56249
58363
59570
60023
60401
60780
61307
61911
62365
62816
63117
63719
64320
64774
65226
65529
66132
66734
67189
67644
70359
70965
71493
71946
72398
73909
74359
74813
75187
75712
76316
76770
77223
77524
78734
79940
81147
83258
84468
85600
87110
88318
89524
90732
91938
93146
94281
95412
95716
96017
97375
97675
98509
98813
100023
100324
100626
101534
102742
103950
106365
106892
107950
109311
109612
111196
112330
112932
114140
115878
118297
118674
120707
121008
124031
125844
127354
130379
130605
131511
131816
132720
133021
136195
136498
137552
137779
140574
140801
142990
143218
145028
145634
146236
146539
147746
148048
151971
152197
153177
154384
155367
155669
156423
157328
157629
159138
160195
160497
161251
162307
162607
166007
166461
166763
167668
167972
169933
170236
172276
172580
172955
173255
175974
176277
176502
176879
177407
178015
179524
179975
180429
182390
182844
183601
184359
185267
186776
187911
188362
188740
189346
189799
190252
190706
191081
193040
194172
195151
