11183
13448
13748
15408
16011
18881
19182
19408
19861
20543
20996
21222
21829
23113
23339
24242
24619
25297
28472
28773
29076
29377
31337
33746
33972
34955
36168
37072
38279
39411
40013
40918
42959
44470
45377
45981
47188
48698
49755
50358
51419
53231
54437
55341
56548
58663
59492
59947
60401
61911
62365
62816
63420
64020
64320
64774
65226
65832
66432
66734
67189
67567
67946
68474
69077
69605
70057
70662
71191
71493
71946
72398
73002
73605
73909
74359
74813
75412
76012
76316
76770
77223
77827
79037
80241
81450
82957
84092
85299
86506
87411
88617
89825
91033
92239
93372
94656
96694
96996
97902
98207
99721
100929
101232
101836
102817
103950
106590
108101
110064
110367
111723
113688
114823
115050
115199
115426
115576
116786
117391
117994
119502
120105
121612
122217
122822
125543
126751
127581
131059
131360
132268
132569
133401
133704
134006
134307
134610
135439
136045
137252
138838
139215
141707
142009
144727
145482
145784
146085
146387
147820
148199
150085
150389
151369
151595
152048
153402
153857
155215
156121
158008
158385
159440
160647
162154
162456
166309
166612
170537
170838
172427
172729
173031
175068
175521
179749
180276
180958
181413
183450
183904
185794
186246
187984
188438
188890
189270
189722
190327
190781
191156
193040
194172
195151
