10655
11786
12467
12843
13145
14051
14354
14655
14955
15711
16616
17220
17674
17977
18278
18578
19861
20543
20996
21222
21676
21829
22506
22810
23641
24997
25601
26206
26811
27262
27563
27867
28170
30131
32014
32993
33295
33595
34955
36168
37601
38657
38958
39712
40618
41673
41901
42203
42355
42732
44849
45528
46584
47642
47945
48246
49302
50056
50814
52023
52477
52707
53836
55039
55947
57077
57381
57682
58060
59267
59492
59947
60401
61005
61608
61911
62365
62816
64320
64774
65226
66734
67189
67644
67946
68474
69077
69605
70057
70662
71191
71493
71946
72398
73002
73605
73909
74359
74813
75412
76012
76316
76770
77223
78432
79638
80846
82354
84771
85901
86808
88015
89221
90430
91637
92845
93978
95261
95867
96092
97902
98207
99189
100324
100626
102441
103045
103648
104253
104781
105158
105386
105688
105989
107194
107798
108857
109160
109461
109762
111119
111723
112330
112932
113989
114291
114596
116181
117089
117692
118976
119803
120406
121309
121914
122519
123729
124333
126146
127052
128260
128792
129394
130077
130455
130832
131663
131966
132795
133173
135138
135743
136647
136950
137628
137931
138233
138537
139892
140194
141101
141404
142463
142765
143066
143368
146841
147295
147596
148501
148728
149556
149858
150691
150992
152725
153705
154008
155819
156876
157177
157479
157779
158838
160044
160949
161552
161854
162759
163060
163289
163591
164193
164796
165401
165705
166838
167216
167517
167742
168123
169256
169632
171745
172049
173483
173786
174163
174463
177106
177559
177862
178467
178768
178992
179297
180881
181337
181713
182165
182693
183298
183753
184207
184511
184662
185039
185342
185642
186096
186550
186852
187002
187457
187683
188664
189042
189497
190100
191532
191983
192212
193040
194172
195151
