10354
11335
11635
12769
12994
13901
14202
15106
16918
18128
18428
18729
19031
19333
19634
20240
20845
21375
22055
22355
22659
23566
23867
24772
26508
27112
27412
28319
28621
29526
32165
33143
33445
34426
35563
37375
38581
38808
40768
41524
41826
42053
42279
42505
44925
45680
46887
49000
50209
51115
52326
52629
53610
54586
54888
55645
56851
58964
59570
60023
60401
60780
61307
61911
62365
62816
63117
63719
64320
64774
65226
65529
66132
66734
67189
67644
68247
68776
71493
71946
72398
72701
73304
73909
74359
74813
76316
76770
77223
78131
79338
80544
81751
82052
82202
82657
83863
84996
86203
87713
87864
88919
89071
90127
90280
91484
92466
92693
93675
93825
94958
95110
98509
98813
99417
100929
101232
102137
103344
105158
105461
105688
105989
107346
107647
108403
108706
109008
109912
110215
110592
111196
111723
112481
113536
113837
114444
114747
116482
119202
123124
123427
124634
125241
126449
127958
128489
129092
129773
130983
131284
132118
132417
133324
133627
134157
134533
134762
136799
138156
138460
138687
139062
139365
142311
142614
143518
143821
144122
144424
147142
147445
148350
148651
148953
152498
152876
154913
155065
155970
156726
157026
157930
158234
158535
159893
160798
161703
161929
163967
164494
164946
165250
165552
167065
167367
168728
169028
171142
171444
174767
175221
175671
178315
178918
179220
180731
181185
181637
181939
183147
184056
184814
185945
186474
187154
187607
188134
188967
189195
189572
189948
190476
190856
191532
191910
192437
193040
194172
195151
